39861
28102
3710420
1 118 1
1 285 1
1 1229 1
1 1688 1
1 2068 1
1 5299 1
1 6941 1
1 7223 1
1 8904 1
1 9358 1
1 9667 1
1 9784 1
1 11099 1
1 11763 1
1 12224 1
1 12669 1
1 13631 1
1 14814 1
1 14816 1
1 17208 1
1 17872 1
1 18139 1
1 19190 1
1 20240 1
1 23028 1
1 23481 1
1 23893 1
1 25611 1
1 27283 1
1 27359 1
2 46 1
2 325 1
2 536 1
2 821 1
2 1197 3
2 1290 1
2 1669 1
2 1889 1
2 2053 1
2 2068 1
2 2233 2
2 3182 1
2 3183 1
2 4398 1
2 4516 1
2 4777 1
2 4802 1
2 4843 1
2 4860 1
2 4943 1
2 5006 2
2 5066 1
2 5511 6
2 5602 1
2 6993 1
2 7457 1
2 8655 2
2 8930 1
2 9289 1
2 9458 3
2 9707 1
2 9732 1
2 9755 1
2 9832 1
2 10344 1
2 11585 1
2 11896 1
2 11897 1
2 12405 1
2 12818 2
2 13631 1
2 14024 1
2 14075 1
2 14338 1
2 14649 1
2 15187 1
2 15231 2
2 16673 1
2 17423 1
2 17486 1
2 17728 1
2 17955 1
2 18505 1
2 18522 2
2 19168 1
2 19484 1
2 19568 1
2 19589 1
2 19613 1
2 19651 1
2 19675 5
2 19724 1
2 19725 1
2 20290 1
2 20366 1
2 20371 1
2 20374 1
2 20520 1
2 20956 1
2 20958 2
2 21077 1
2 21290 2
2 21913 1
2 22310 1
2 22435 1
2 22934 1
2 23028 1
2 23557 1
2 24174 2
2 24436 1
2 24445 1
2 24521 1
2 25469 1
2 25539 2
2 26076 1
2 26297 2
2 26324 1
3 232 1
3 432 1
3 534 1
3 536 2
3 734 1
3 1229 1
3 1583 1
3 1686 1
3 1976 3
3 2226 1
3 2284 1
3 2368 1
3 2504 1
3 2557 1
3 2969 1
3 3286 1
3 3328 3
3 3450 1
3 3854 1
3 4255 1
3 4848 1
3 4849 1
3 5247 1
3 5299 2
3 5693 1
3 6696 1
3 6993 2
3 7270 1
3 7392 1
3 7608 1
3 7867 1
3 8159 2
3 8243 1
3 8940 1
3 9707 1
3 10730 1
3 10943 1
3 11147 1
3 11195 1
3 11468 1
3 11536 1
3 11959 1
3 13087 1
3 13104 1
3 13273 1
3 13606 2
3 13690 2
3 13800 1
3 14050 4
3 14181 1
3 14254 2
3 14265 1
3 14269 1
3 14470 1
3 14559 1
3 14777 1
3 15000 2
3 15178 1
3 15458 1
3 15461 1
3 15616 1
3 15810 2
3 15911 2
3 16267 1
3 17481 1
3 17735 2
3 17785 1
3 17881 1
3 18235 2
3 18286 1
3 18663 1
3 18978 1
3 19580 1
3 19860 1
3 19959 2
3 20348 1
3 21051 1
3 21141 1
3 21371 1
3 21467 1
3 21854 1
3 21913 1
3 21963 1
3 22360 1
3 22432 1
3 22644 1
3 22659 1
3 22805 1
3 22816 1
3 22933 1
3 23380 1
3 23388 1
3 23419 1
3 23420 1
3 23693 1
3 23956 2
3 24029 1
3 24402 1
3 24718 1
3 24727 1
3 24729 1
3 24860 2
3 25221 1
3 25340 1
3 25737 1
3 25742 1
3 25778 2
3 26050 4
3 26433 2
3 26720 2
3 26843 1
3 27710 1
3 27993 1
4 893 1
4 1153 1
4 1583 1
4 1787 1
4 2201 1
4 4084 1
4 4802 2
4 5220 1
4 5602 1
4 6287 1
4 6446 1
4 9126 1
4 9192 1
4 9404 3
4 9409 1
4 10127 1
4 12195 1
4 12406 1
4 14099 1
4 14325 1
4 15231 1
4 15911 1
4 17174 1
4 18668 1
4 19497 2
4 20223 1
4 20829 1
4 21151 1
4 21153 1
4 21640 1
4 22690 4
4 23690 2
4 24428 2
4 24436 1
4 24452 1
4 25180 1
4 25374 1
4 25447 1
4 25469 1
4 25594 1
4 26193 1
4 26651 1
5 284 1
5 285 2
5 533 1
5 1215 1
5 3182 3
5 4441 1
5 5222 2
5 5270 1
5 5299 1
5 5511 6
5 6365 1
5 6366 1
5 8521 1
5 8655 2
5 9282 2
5 9292 2
5 9448 1
5 10354 1
5 10447 2
5 11219 1
5 12371 1
5 12380 1
5 12381 1
5 12662 1
5 12760 1
5 13091 1
5 13488 1
5 13631 1
5 14085 1
5 14165 1
5 14561 2
5 15048 1
5 15084 2
5 15344 1
5 15617 1
5 16221 1
5 17667 1
5 17696 1
5 18079 2
5 18250 1
5 18351 1
5 18978 1
5 19592 1
5 19640 4
5 19955 1
5 21289 1
5 21290 1
5 21907 1
5 22830 1
5 23194 1
5 23470 1
5 23809 1
5 24402 1
5 24409 3
5 24421 1
5 24463 1
5 25181 3
5 25844 1
5 26797 1
6 374 1
6 893 1
6 1069 1
6 1445 1
6 1599 3
6 1658 1
6 2233 1
6 2734 1
6 4777 1
6 5006 1
6 6993 3
6 10027 1
6 10895 1
6 11386 1
6 11823 1
6 13091 2
6 15088 1
6 15091 2
6 15227 1
6 15617 2
6 16151 4
6 16267 1
6 17174 1
6 17667 1
6 17710 1
6 18848 1
6 18978 1
6 19117 2
6 21077 1
6 21200 1
6 24156 1
6 24463 2
6 24879 1
6 25611 1
6 25716 2
6 26076 1
7 6964 1
7 9464 1
7 10636 1
7 12107 1
7 14325 1
7 14735 1
7 16069 1
7 18151 1
7 20526 1
7 20670 1
7 20956 1
7 20962 1
7 21787 1
7 21910 1
7 23543 1
7 26601 1
7 27794 1
8 1503 1
8 2201 1
8 3783 1
8 3920 1
8 4813 3
8 4874 1
8 5354 1
8 5859 1
8 6623 1
8 7337 1
8 7593 1
8 8201 1
8 9223 1
8 11160 1
8 11999 1
8 13091 1
8 13927 1
8 15088 3
8 15291 2
8 19695 1
8 20732 1
8 22960 1
8 23037 1
8 24445 1
8 25519 3
9 280 1
9 1116 1
9 1267 2
9 4402 2
9 8818 1
9 9970 3
9 10251 1
9 10258 2
9 10837 1
9 11813 1
9 13708 1
9 16750 1
9 17500 1
9 17684 1
9 18878 1
9 19484 1
9 20036 1
9 22771 3
9 23965 1
9 24463 1
9 24860 1
9 25180 1
9 25223 1
9 25723 1
9 25844 1
9 26854 1
9 28017 1
10 171 1
10 5680 1
10 6623 2
10 8653 1
10 10621 1
10 11456 1
10 12321 1
10 13104 2
10 14559 1
10 15088 1
10 15617 1
10 19117 2
10 21011 1
10 21016 1
10 21019 1
10 21467 1
10 22122 1
10 25494 1
10 25870 1
10 26172 1
10 27294 1
10 27359 1
11 250 1
11 493 1
11 1669 1
11 2846 1
11 3920 1
11 4865 1
11 5980 1
11 12731 3
11 13259 1
11 14005 1
11 18244 1
11 18594 1
11 19006 2
11 22122 1
11 22927 1
11 25574 1
11 25870 1
11 25901 1
11 26956 1
11 27109 1
12 1069 1
12 1127 2
12 1445 1
12 1889 1
12 3321 1
12 3326 2
12 4747 1
12 5291 1
12 6117 1
12 6407 1
12 6539 1
12 7204 1
12 7526 1
12 8201 1
12 8502 1
12 9005 1
12 9106 1
12 9559 1
12 10309 1
12 10636 1
12 11002 1
12 11219 1
12 11885 1
12 12321 2
12 12406 1
12 12408 1
12 12728 1
12 13091 1
12 13271 3
12 14102 2
12 14211 1
12 14735 2
12 14738 1
12 14777 1
12 15039 1
12 15088 2
12 15616 2
12 15744 1
12 16385 1
12 16422 1
12 16936 1
12 17420 1
12 17486 2
12 18013 1
12 18079 3
12 18342 2
12 18830 1
12 19725 5
12 19755 1
12 19959 1
12 20072 1
12 20078 1
12 20180 2
12 20390 1
12 20734 1
12 20907 1
12 20956 2
12 21041 1
12 21792 1
12 22547 2
12 22792 1
12 22830 1
12 23232 1
12 23397 1
12 23642 1
12 24029 1
12 24452 1
12 24486 1
12 24599 1
12 24719 1
12 24727 1
12 24908 1
12 24956 1
12 24987 3
12 25181 2
12 25870 2
12 25871 1
12 25947 1
12 26475 1
12 27067 1
12 27076 1
12 27299 1
12 27301 1
12 27710 1
13 76 1
13 272 1
13 284 1
13 285 2
13 888 1
13 1215 1
13 2053 1
13 2233 1
13 3182 1
13 3183 1
13 4025 1
13 4026 1
13 4747 1
13 5222 2
13 5511 8
13 5602 1
13 5706 1
13 6404 1
13 6405 1
13 8497 1
13 8518 1
13 8653 1
13 9458 1
13 10051 1
13 10447 2
13 12380 2
13 12406 1
13 13952 1
13 14024 1
13 14611 1
13 14628 3
13 14882 1
13 15088 1
13 15344 1
13 16332 1
13 17410 1
13 17411 1
13 17486 1
13 18522 1
13 19518 1
13 19640 1
13 21050 1
13 21145 1
13 21371 2
13 24327 1
13 24356 1
13 25539 2
13 25797 1
13 26297 2
13 26444 2
14 147 1
14 1127 1
14 4121 1
14 11203 1
14 12539 1
14 17208 1
14 22547 1
14 24987 1
14 25870 1
14 26601 1
14 27067 1
14 27703 1
15 1813 1
15 2161 1
15 2479 2
15 3307 1
15 4783 1
15 7032 1
15 9146 1
15 9192 1
15 9464 1
15 9731 1
15 10743 1
15 11209 1
15 11456 1
15 11890 2
15 13470 1
15 13484 1
15 13591 1
15 13714 1
15 14099 1
15 14860 1
15 16718 1
15 18190 1
15 20366 1
15 20909 1
15 23231 1
15 23460 1
15 24719 1
15 25181 1
15 26951 1
16 3581 1
16 6222 1
16 6446 1
16 6799 1
16 9784 2
16 13150 1
16 13197 3
16 17173 2
16 21619 2
16 23475 1
16 23820 1
16 24357 1
16 24436 2
16 25539 2
17 1229 1
17 1822 1
17 2762 1
17 5066 1
17 5912 1
17 8051 2
17 14738 1
17 16122 2
17 16820 1
17 17050 1
17 17481 1
17 17667 1
17 18668 1
17 19117 1
17 21677 1
17 22547 1
17 23310 1
17 23535 1
17 24727 1
17 25870 1
18 738 1
18 893 1
18 1222 1
18 1583 1
18 3938 2
18 6997 1
18 9289 1
18 9787 1
18 9970 1
18 12254 2
18 14562 1
18 17174 1
18 17292 1
18 18262 1
18 19409 1
18 20493 2
18 20734 1
18 23157 1
19 6555 1
19 7241 1
19 7419 1
19 8806 1
19 9289 1
19 9404 1
19 9833 2
19 10557 1
19 12946 1
19 14735 2
19 16221 1
19 16749 1
19 17667 1
19 18375 1
19 19651 1
19 20481 1
19 21088 1
19 22459 1
19 23837 1
19 25370 1
19 27299 1
19 27575 1
20 1048 1
20 3576 1
20 4511 1
20 6997 1
20 7295 1
20 9448 1
20 9560 1
20 10312 1
20 11202 1
20 11456 1
20 15617 2
20 17667 1
20 19167 1
20 19190 1
20 19484 1
20 19530 1
20 23450 1
20 24485 1
21 1215 1
21 2945 1
21 5006 1
21 13690 1
21 18848 1
21 19725 2
21 20907 1
21 22432 1
21 23028 1
21 24021 1
21 27800 1
22 580 1
22 3576 1
22 4913 1
22 5045 1
22 5980 2
22 7110 1
22 7392 1
22 8131 1
22 9825 1
22 9867 1
22 11044 1
22 11767 1
22 12295 1
22 12931 1
22 14102 1
22 14211 1
22 14218 1
22 14735 1
22 15659 2
22 16267 1
22 16385 1
22 17486 1
22 18389 1
22 19959 1
22 20359 1
22 20548 1
22 20709 1
22 24727 2
22 24956 1
22 24987 2
22 26297 3
22 26569 1
22 27168 1
22 27800 1
23 1183 1
23 1374 1
23 3183 1
23 4943 1
23 5576 1
23 6156 1
23 8426 1
23 8902 1
23 8905 1
23 11237 1
23 12179 1
23 12818 1
23 14735 1
23 16213 1
23 20732 1
23 22533 1
23 23956 1
23 23998 1
23 24860 3
23 24894 1
23 25066 1
23 25901 1
23 26311 1
23 26453 1
23 27710 1
24 44 8
24 139 1
24 272 1
24 284 1
24 434 1
24 511 1
24 714 3
24 776 1
24 1223 1
24 1360 1
24 2053 1
24 2233 1
24 2274 1
24 2734 1
24 2807 1
24 2920 2
24 3074 1
24 3183 1
24 3198 1
24 3228 1
24 3525 1
24 3578 1
24 3609 3
24 3888 1
24 4025 4
24 4026 1
24 4441 1
24 4700 1
24 4747 3
24 4852 1
24 5158 2
24 5191 1
24 5192 5
24 5195 1
24 5241 1
24 5348 1
24 5482 1
24 5680 2
24 5683 1
24 5740 1
24 5895 1
24 5897 1
24 5911 2
24 5912 1
24 5928 1
24 5988 3
24 6182 11
24 6360 3
24 6441 2
24 6536 1
24 6605 1
24 6618 2
24 6623 2
24 6671 3
24 6809 1
24 6885 1
24 6890 1
24 6993 1
24 6997 1
24 7212 1
24 7447 3
24 7457 1
24 7526 1
24 7621 1
24 7785 1
24 7888 2
24 8016 1
24 8785 1
24 8806 1
24 8828 1
24 8884 1
24 8892 1
24 8945 1
24 9018 1
24 9126 2
24 9320 1
24 9507 1
24 9573 1
24 9628 1
24 9707 2
24 9844 2
24 9867 1
24 10190 1
24 10262 2
24 10312 7
24 10474 1
24 10621 2
24 10883 5
24 10933 1
24 10935 2
24 11159 1
24 11202 1
24 11468 3
24 11585 1
24 11691 1
24 11716 1
24 11826 1
24 12254 2
24 12283 1
24 12293 1
24 12333 1
24 12379 1
24 12383 3
24 12414 1
24 12444 1
24 12469 1
24 12522 1
24 12555 1
24 12590 1
24 12666 1
24 12700 1
24 12973 1
24 13070 2
24 13091 5
24 13116 1
24 13631 2
24 14164 1
24 14168 1
24 14246 1
24 14338 1
24 14455 1
24 14559 3
24 14777 1
24 15031 1
24 15083 1
24 15088 7
24 15231 1
24 15573 1
24 15617 6
24 15836 1
24 16213 1
24 16267 1
24 16270 2
24 16820 1
24 17334 1
24 17378 1
24 17491 1
24 17735 6
24 17761 2
24 18224 1
24 18703 5
24 18848 3
24 18978 2
24 19117 31
24 19409 2
24 19484 1
24 19530 1
24 19533 1
24 19537 1
24 19675 8
24 19723 1
24 19887 1
24 20181 1
24 20408 1
24 20734 2
24 20817 1
24 20836 1
24 21043 3
24 21044 1
24 21051 6
24 21200 1
24 21371 1
24 21703 1
24 22201 5
24 22244 5
24 22547 3
24 22555 1
24 22737 1
24 22830 4
24 22838 1
24 22998 3
24 23026 1
24 23079 1
24 23380 2
24 23381 1
24 23637 1
24 23690 1
24 23693 1
24 23807 1
24 24124 1
24 24544 1
24 24663 1
24 24838 1
24 24860 1
24 25029 2
24 25180 2
24 25181 2
24 25293 2
24 25310 1
24 25469 1
24 25494 1
24 25539 1
24 25605 2
24 25611 6
24 25620 2
24 25715 4
24 25870 1
24 25871 1
24 26647 4
24 26651 1
24 26868 2
24 27008 1
24 27016 1
24 27294 2
24 27387 1
25 408 3
25 2068 1
25 5482 1
25 6807 1
25 14559 1
25 14809 1
25 15160 1
25 17321 1
25 17334 1
26 734 2
26 2654 1
26 4025 1
26 8884 1
26 11760 1
26 13631 1
26 15328 2
26 16147 1
26 17148 1
26 18668 2
26 19638 1
26 26536 2
27 734 1
27 3888 1
27 6700 1
27 10312 1
27 10897 1
27 11760 1
27 11767 1
27 13631 1
27 13690 1
27 15911 1
27 18668 1
27 22933 1
28 116 1
28 286 1
28 314 1
28 581 1
28 957 1
28 1106 1
28 1217 2
28 1289 2
28 1619 1
28 1669 6
28 2053 1
28 2233 1
28 3051 1
28 3182 1
28 3183 1
28 3326 1
28 3501 1
28 3808 1
28 3888 1
28 4355 1
28 4510 1
28 4520 1
28 4856 1
28 4917 1
28 5222 1
28 5299 1
28 5487 1
28 5511 1
28 5706 1
28 5897 2
28 6099 1
28 6106 1
28 6182 2
28 6257 2
28 6435 1
28 6607 1
28 6700 2
28 6993 2
28 6994 1
28 7352 2
28 7684 1
28 7852 1
28 8099 1
28 8160 1
28 8181 1
28 8325 1
28 8392 1
28 8400 1
28 8518 1
28 8604 1
28 8621 1
28 8654 1
28 8736 2
28 8738 1
28 8752 1
28 8811 1
28 8818 2
28 8904 1
28 8930 2
28 8980 1
28 8993 1
28 9017 1
28 9067 1
28 9146 1
28 9192 1
28 9236 1
28 9289 1
28 9312 1
28 9380 1
28 9430 2
28 9861 1
28 9867 1
28 9970 1
28 10312 1
28 10447 2
28 10946 1
28 11387 1
28 11691 1
28 11699 1
28 11781 1
28 12107 1
28 12113 1
28 12254 1
28 12323 2
28 12380 2
28 12803 1
28 12909 1
28 12933 1
28 12938 1
28 12946 1
28 14024 2
28 14085 1
28 14449 1
28 14494 1
28 14611 1
28 14628 3
28 14709 1
28 14735 2
28 14746 1
28 14777 5
28 14809 1
28 14814 1
28 15046 1
28 15187 1
28 15231 3
28 15344 1
28 15564 1
28 16267 1
28 16780 1
28 17173 1
28 17292 1
28 17410 1
28 17481 1
28 18051 2
28 18082 1
28 18224 1
28 18276 2
28 18530 1
28 18677 1
28 18788 1
28 18848 2
28 19042 2
28 19100 1
28 19342 2
28 19355 1
28 19376 1
28 19484 2
28 19589 1
28 19613 1
28 19618 1
28 19640 2
28 19651 3
28 19675 12
28 19725 5
28 19959 1
28 20017 1
28 20240 1
28 20346 1
28 20359 1
28 20390 1
28 20734 1
28 20757 1
28 20835 1
28 20958 2
28 21049 2
28 21051 1
28 21108 1
28 21145 1
28 21254 1
28 21290 1
28 21322 1
28 21371 2
28 21467 1
28 21609 2
28 21787 1
28 21913 1
28 22022 1
28 22122 2
28 22123 1
28 22247 1
28 22432 1
28 22434 1
28 22459 1
28 22576 3
28 22830 1
28 22904 1
28 22934 1
28 22998 1
28 23028 4
28 23194 1
28 23201 1
28 23419 1
28 23475 1
28 23826 1
28 23837 1
28 24047 1
28 24098 2
28 24145 1
28 24300 1
28 24463 1
28 24496 1
28 24956 1
28 25029 1
28 25180 2
28 25282 1
28 25447 1
28 25488 1
28 25558 1
28 25574 1
28 25595 1
28 25598 1
28 25749 1
28 25852 1
28 26145 1
28 26239 1
28 26297 1
28 26309 1
28 26408 1
28 26951 1
28 27095 1
28 27210 1
28 27299 1
28 27367 3
28 27479 2
28 27494 2
28 27544 1
28 27577 1
28 27710 1
28 28092 1
29 112 2
29 114 1
29 161 1
29 231 1
29 394 1
29 734 1
29 929 2
29 1197 1
29 1274 2
29 1413 1
29 1516 2
29 1583 3
29 1613 3
29 1669 1
29 2053 2
29 2233 2
29 2482 2
29 2814 1
29 3003 1
29 3321 1
29 3331 5
29 3722 1
29 3727 3
29 4015 1
29 4222 1
29 4363 1
29 4417 2
29 4865 1
29 4891 2
29 4919 1
29 5299 6
29 5420 1
29 5454 2
29 5485 1
29 5511 1
29 5602 1
29 5897 1
29 6106 1
29 6196 1
29 6397 1
29 6600 1
29 6605 3
29 6671 1
29 6700 1
29 6781 2
29 6880 1
29 7208 1
29 7392 1
29 7526 4
29 7671 2
29 7998 1
29 8287 2
29 8325 1
29 8621 1
29 8844 1
29 8884 1
29 8918 2
29 8930 1
29 9013 1
29 9078 1
29 9106 2
29 9119 1
29 9282 4
29 9289 2
29 9292 1
29 9448 1
29 9460 1
29 9507 1
29 9810 1
29 9867 1
29 9868 1
29 10027 1
29 10190 1
29 10447 3
29 10636 1
29 11731 1
29 11760 1
29 11823 1
29 11897 1
29 12208 1
29 12381 1
29 12770 1
29 12803 2
29 12936 1
29 12965 1
29 13067 1
29 13384 1
29 13631 3
29 14102 1
29 14218 1
29 14246 1
29 14735 1
29 15038 1
29 15046 2
29 15084 2
29 15178 1
29 15231 2
29 15564 1
29 15765 1
29 15984 1
29 15991 2
29 16221 1
29 16267 2
29 16270 1
29 16820 1
29 17208 1
29 17383 1
29 17481 4
29 17876 1
29 17915 1
29 17943 1
29 18248 1
29 18484 1
29 18511 1
29 18668 2
29 19100 1
29 19376 2
29 19530 2
29 19537 1
29 19628 2
29 19675 9
29 19738 1
29 19753 1
29 19794 1
29 19949 1
29 20366 1
29 20421 2
29 20477 1
29 20786 1
29 20824 1
29 20835 1
29 21145 2
29 21192 1
29 21371 2
29 22432 1
29 22541 2
29 22838 2
29 23052 1
29 23194 1
29 23232 1
29 23350 2
29 23533 1
29 23807 1
29 24098 1
29 24181 1
29 24369 1
29 24665 2
29 24946 1
29 25029 1
29 25078 1
29 25181 3
29 25221 1
29 25227 1
29 25494 1
29 25539 4
29 25672 1
29 25852 1
29 26345 1
29 26647 2
29 26650 1
29 26652 1
29 26797 2
29 26799 1
29 27198 1
29 27528 1
29 27753 2
29 27762 1
30 145 1
30 285 1
30 534 1
30 536 1
30 548 1
30 2198 1
30 2284 1
30 2883 1
30 3155 3
30 3182 4
30 4115 1
30 4917 1
30 5222 3
30 5299 1
30 5511 2
30 6994 1
30 7223 1
30 7662 1
30 8518 5
30 9106 1
30 9222 1
30 9289 2
30 9434 1
30 9458 1
30 9560 1
30 9970 1
30 11592 1
30 11733 1
30 11767 1
30 12111 1
30 12197 1
30 12946 2
30 14165 1
30 14221 1
30 14735 2
30 15351 1
30 15617 1
30 15683 1
30 16771 1
30 17245 1
30 17686 1
30 17796 1
30 18079 1
30 18224 1
30 18342 1
30 18356 1
30 18522 1
30 18645 1
30 18848 2
30 19640 4
30 20390 1
30 20560 1
30 20975 1
30 22122 3
30 23637 2
30 23693 1
30 24322 1
30 25180 1
30 25181 1
31 536 1
31 1613 1
31 3888 1
31 4115 1
31 13091 1
31 14628 1
31 18677 1
31 18830 1
31 19101 1
31 20348 1
31 27590 1
32 272 1
32 1069 1
32 1968 2
32 2233 1
32 4096 1
32 5540 1
32 6539 2
32 7204 1
32 8786 1
32 9434 1
32 10027 1
32 10636 1
32 10997 1
32 14099 1
32 14325 1
32 14494 1
32 15616 1
32 15683 1
32 15738 1
32 16068 1
32 16069 7
32 16074 1
32 16221 1
32 16962 1
32 17481 1
32 18079 2
32 18342 1
32 19580 1
32 20346 1
32 20550 1
32 20907 1
32 20956 2
32 20962 5
32 22391 1
32 22837 1
32 23449 1
32 23693 1
32 25181 1
32 25307 1
32 25789 1
32 25870 1
32 26569 1
32 27067 1
33 46 1
33 285 1
33 1733 1
33 1769 1
33 2068 1
33 2083 1
33 2185 1
33 2233 2
33 3181 1
33 3182 1
33 5511 1
33 5706 1
33 5897 1
33 6099 1
33 6698 1
33 6803 1
33 7526 1
33 7565 1
33 8392 1
33 8726 1
33 8785 1
33 9078 1
33 9756 1
33 10447 2
33 12295 1
33 14275 1
33 14611 1
33 14777 4
33 14814 1
33 15231 1
33 18668 1
33 18848 2
33 19342 1
33 19484 2
33 19509 1
33 19613 1
33 19675 1
33 19924 1
33 20282 1
33 20731 2
33 20958 2
33 21145 1
33 21371 2
33 21913 1
33 22432 1
33 22435 1
33 22838 1
33 23052 1
33 24149 1
33 25221 1
33 26297 4
33 26868 1
34 145 1
34 734 1
34 1106 1
34 1274 1
34 1515 1
34 2233 1
34 3077 1
34 3328 1
34 5087 1
34 5303 1
34 6880 1
34 6890 1
34 7114 1
34 8655 1
34 8824 1
34 9087 2
34 9655 1
34 10397 1
34 13373 3
34 13774 1
34 18130 1
34 18342 1
34 18668 1
34 18848 1
34 19168 1
34 19376 1
34 19484 1
34 19618 1
34 19929 1
34 20744 1
34 23028 1
34 23535 1
34 25844 1
34 26799 1
34 27703 1
35 476 1
35 4746 1
35 10447 1
35 14085 2
35 14105 1
35 19651 1
35 24333 1
35 25183 1
35 25282 1
35 25870 1
36 1596 1
36 3722 1
36 3900 1
36 5006 1
36 6099 2
36 8982 1
36 12324 1
36 15363 1
36 16234 1
36 17785 1
36 20856 1
36 22232 1
36 25181 1
36 25340 1
36 27810 3
37 714 1
37 736 1
37 3228 1
37 3994 1
37 6106 1
37 6112 1
37 6596 2
37 6651 1
37 8201 1
37 9622 1
37 10312 1
37 11999 1
37 15617 3
37 17431 1
37 18668 1
37 19117 1
37 20985 1
37 21371 1
37 21613 1
37 21808 1
37 22217 2
37 23837 1
37 23843 1
37 27299 1
38 714 1
38 736 1
38 3228 1
38 3994 1
38 4700 1
38 6106 1
38 6112 1
38 6596 2
38 6651 1
38 7709 1
38 8201 1
38 10312 1
38 11999 1
38 13280 1
38 15617 4
38 17431 1
38 18668 1
38 20985 1
38 21371 1
38 21613 1
38 21808 1
38 21809 1
38 22217 1
38 23837 1
38 23843 1
38 25620 1
38 26949 1
38 27299 1
39 251 1
39 272 1
39 1583 1
39 2201 1
39 3722 1
39 4692 1
39 5130 1
39 6106 1
39 6539 5
39 8055 1
39 8099 1
39 8940 1
39 9272 1
39 9292 1
39 9398 1
39 9404 2
39 9460 1
39 12241 1
39 13091 1
39 14099 1
39 16069 1
39 16074 1
39 16385 1
39 16386 1
39 17486 1
39 18079 5
39 18351 1
39 18353 1
39 19440 1
39 20734 1
39 20956 4
39 20962 3
39 21077 1
39 23837 1
39 24029 1
39 24987 1
39 25679 1
39 25871 1
40 46 1
40 141 1
40 232 1
40 285 1
40 289 1
40 296 1
40 333 1
40 493 1
40 959 1
40 1207 1
40 1362 1
40 1463 1
40 1583 2
40 1600 1
40 1753 1
40 1830 1
40 1974 1
40 2053 2
40 2057 1
40 2068 2
40 2155 1
40 2284 1
40 2883 1
40 3181 1
40 3321 2
40 3450 1
40 4031 1
40 4449 1
40 4702 1
40 4787 1
40 4802 2
40 4833 2
40 4852 1
40 4857 1
40 5042 2
40 5177 1
40 5237 5
40 5301 1
40 5321 2
40 5511 1
40 5525 2
40 5576 1
40 5602 1
40 5606 1
40 5693 2
40 5904 1
40 6106 1
40 6129 1
40 6295 1
40 6446 1
40 6533 1
40 6614 1
40 6696 1
40 6890 1
40 6891 1
40 6997 1
40 7057 1
40 7111 1
40 7230 1
40 8016 1
40 8115 1
40 8149 1
40 8201 1
40 8243 1
40 8367 1
40 8655 1
40 8736 1
40 8795 1
40 8814 2
40 8884 1
40 8894 1
40 9223 1
40 9289 1
40 9462 1
40 9559 1
40 9560 1
40 9801 1
40 9867 4
40 10011 1
40 10051 1
40 10138 1
40 10312 4
40 10406 10
40 10409 2
40 10474 3
40 10621 1
40 10712 5
40 10721 1
40 10727 4
40 10933 2
40 10982 1
40 11038 1
40 11099 1
40 11371 1
40 11385 1
40 11468 3
40 11885 1
40 12107 2
40 12111 5
40 12363 1
40 12380 1
40 12382 3
40 12407 1
40 12702 2
40 12804 2
40 12902 1
40 13068 1
40 13091 2
40 13273 1
40 13552 2
40 13647 1
40 13747 1
40 14024 1
40 14164 1
40 14177 1
40 14265 1
40 14338 1
40 14559 2
40 14715 1
40 14738 1
40 15036 1
40 15041 1
40 15231 1
40 15344 1
40 15617 1
40 15659 1
40 15683 1
40 15709 1
40 15748 1
40 16105 1
40 16165 1
40 16213 1
40 16502 1
40 16504 1
40 16771 1
40 17211 1
40 17292 1
40 17414 1
40 17502 1
40 17505 1
40 17636 1
40 17673 1
40 17793 1
40 17878 1
40 17900 1
40 18000 2
40 18389 1
40 18804 1
40 18859 1
40 19015 1
40 19098 1
40 19100 1
40 19190 3
40 19198 1
40 19199 1
40 19376 1
40 19378 1
40 19484 1
40 19580 1
40 19619 1
40 19663 2
40 19732 3
40 19735 1
40 19793 1
40 19794 1
40 19924 2
40 19927 1
40 19959 1
40 20184 1
40 20282 2
40 20290 1
40 20359 1
40 20581 1
40 20734 1
40 20866 1
40 21049 2
40 21050 1
40 21051 1
40 21214 1
40 21254 1
40 21710 1
40 22126 1
40 22162 1
40 22365 1
40 22432 4
40 22535 1
40 22555 1
40 22665 1
40 22830 1
40 22933 1
40 23037 1
40 23380 4
40 23450 1
40 23592 1
40 23649 1
40 24132 1
40 24149 1
40 24335 1
40 24435 1
40 24445 1
40 24496 1
40 24728 1
40 25029 3
40 25131 1
40 25180 1
40 25221 3
40 25282 1
40 25777 1
40 25901 2
40 26042 1
40 26125 1
40 26193 1
40 26308 1
40 26567 7
40 26573 1
40 26579 1
40 27359 1
40 27476 1
41 2734 1
41 2737 1
41 5681 1
41 6182 1
41 6504 1
41 11945 1
41 19117 1
41 21550 1
41 22792 1
41 25282 1
41 25634 1
41 25715 1
41 26269 1
41 27294 1
42 740 2
42 1217 2
42 3182 1
42 5706 1
42 6462 2
42 6700 1
42 7662 1
42 8181 1
42 8392 1
42 8518 1
42 9755 2
42 10447 2
42 10636 1
42 11592 1
42 11896 1
42 12469 1
42 12803 2
42 12950 2
42 13832 1
42 14024 2
42 14102 1
